Viga	Muestra	b	h	a	l	CH	ro	Pmax	P/f	
		[mm]	[mm]	[mm]	[mm]	[%]	[kg/m3]	[N]	[N/mm]	
1	1	36.0	93.4	603.7	1771.4	11.2	429.80	4517	260
2	1	36.2	94.3	603.7	1771.4	11.6	433.64	6009	284
3	1	35.8	94.2	603.7	1771.4	13.0	469.59	6949	354
4	1	35.5	94.8	603.7	1771.4	12.9	451.17	7844	331
5	1	36.0	91.2	603.7	1771.4	11.8	502.40	6929	302
6	1	36.1	94.2	603.7	1771.4	12.7	431.16	6890	356
7	1	35.5	94.6	603.7	1771.4	12.4	500.08	8597	365
8	1	35.8	95.7	603.7	1771.4	11.6	491.23	7944	382
9	1	36.2	94.4	603.7	1771.4	11.7	418.16	5222	320
10	1	35.9	93.4	603.7	1771.4	11.5	426.03	4656	293
11	1	36.2	95.1	603.7	1771.4	12.0	432.20	8860	336
12	1	36.0	92.7	603.7	1771.4	11.9	462.10	5760	327
13	1	35.9	94.0	603.7	1771.4	12.5	469.76	6895	349
14	1	35.6	94.3	603.7	1771.4	12.4	432.14	5998	333
15	1	35.5	95.0	603.7	1771.4	10.9	417.18	6658	339
16	1	36.1	93.0	603.7	1771.4	12.5	446.42	6102	311
17	1	35.9	94.7	603.7	1771.4	11.7	452.21	5885	326
18	1	36.1	94.2	603.7	1771.4	12.1	471.97	6847	393
19	1	35.5	93.3	603.7	1771.4	12.2	426.04	4543	248
20	1	36.2	95.0	603.7	1771.4	11.7	488.30	7167	358
21	1	35.7	94.6	603.7	1771.4	12.3	431.76	6072	338
22	1	35.8	96.0	603.7	1771.4	13.6	425.81	5261	287
23	1	35.9	93.6	603.7	1771.4	11.0	481.58	8339	359
24	1	36.5	93.3	603.7	1771.4	11.9	483.36	6085	324
25	1	36.2	93.0	603.7	1771.4	12.3	423.32	5031	265
26	1	35.5	95.8	603.7	1771.4	11.4	496.47	8663	401
27	1	36.1	94.1	603.7	1771.4	12.4	454.98	8233	369
28	1	36.5	94.0	603.7	1771.4	11.0	427.03	6466	284
29	1	36.0	93.4	603.7	1771.4	11.6	465.60	6463	360
30	1	35.7	93.2	603.7	1771.4	12.3	466.00	7839	351
31	1	35.5	92.8	603.7	1771.4	11.9	424.64	5140	276
32	1	35.8	93.9	603.7	1771.4	12.1	468.66	5973	331
33	1	35.3	94.5	603.7	1771.4	12.9	438.06	5763	293
34	1	35.7	93.8	603.7	1771.4	12.5	443.51	8675	345
35	1	36.4	93.6	603.7	1771.4	12.6	440.89	5648	317
36	1	35.9	95.2	603.7	1771.4	11.3	446.33	6221	336
37	1	36.2	92.9	603.7	1771.4	11.6	448.63	6648	316
38	1	36.6	94.4	603.7	1771.4	12.0	457.14	4868	296
39	1	35.8	94.4	603.7	1771.4	11.3	503.95	7881	410
40	1	34.8	93.0	603.7	1771.4	10.2	424.28	6184	312
41	1	36.2	92.7	603.7	1771.4	10.8	436.79	5723	278
42	1	36.4	94.3	603.7	1771.4	13.1	504.26	7119	332
43	1	35.9	93.9	603.7	1771.4	12.1	468.71	7997	379
44	1	35.6	95.1	603.7	1771.4	11.4	446.89	5375	271
45	1	34.8	92.9	603.7	1771.4	11.9	399.50	4142	259
46	1	35.6	94.2	603.7	1771.4	12.1	420.36	5120	282
47	1	35.8	92.6	603.7	1771.4	11.9	420.60	5017	258
48	1	36.1	93.1	603.7	1771.4	11.9	434.10	4674	271
49	1	36.1	93.3	603.7	1771.4	11.7	451.00	6481	323
50	1	35.9	94.5	603.7	1771.4	12.3	454.80	8202	369
51	1	36.0	93.3	603.7	1771.4	12.4	442.18	4972	290
52	1	35.6	94.8	603.7	1771.4	12.2	434.86	6461	291
53	1	35.9	93.8	603.7	1771.4	11.7	463.20	6330	333
54	1	36.2	94.1	603.7	1771.4	11.3	417.02	5575	326
55	1	35.3	93.7	603.7	1771.4	11.2	455.12	6866	357
56	1	36.2	94.3	603.7	1771.4	11.8	437.84	6107	304
57	1	36.2	93.7	603.7	1771.4	11.2	453.86	6931	331
58	1	35.6	93.2	603.7	1771.4	12.1	455.99	5739	293
59	1	36.0	95.2	603.7	1771.4	12.9	482.53	7673	376
60	1	36.0	94.6	603.7	1771.4	11.6	420.05	3299	208
61	1	35.8	93.5	603.7	1771.4	11.7	465.65	7354	324
62	1	36.1	93.8	603.7	1771.4	11.9	389.46	4772	247
63	1	35.8	92.9	603.7	1771.4	11.6	425.37	6838	293
64	1	35.9	94.6	603.7	1771.4	12.1	457.98	7412	360
65	1	35.7	93.7	603.7	1771.4	12.5	439.46	5122	287
66	1	36.3	94.7	603.7	1771.4	11.7	518.75	8941	457
67	1	35.4	93.7	603.7	1771.4	11.2	434.65	5723	301
68	1	36.1	93.9	603.7	1771.4	12.6	456.29	6523	319
69	1	36.2	94.8	603.7	1771.4	11.2	466.94	8029	378
70	1	35.6	92.4	603.7	1771.4	11.7	514.46	10740	443
71	1	36.3	93.3	603.7	1771.4	11.9	408.35	5775	311
72	1	36.2	95.5	603.7	1771.4	12.3	457.11	7323	360
73	1	35.4	94.1	603.7	1771.4	12.5	428.02	7042	326
74	1	35.9	94.2	603.7	1771.4	12.8	493.67	7711	377
75	1	36.0	93.1	603.7	1771.4	13.1	430.01	5704	289
76	1	36.4	94.4	603.7	1771.4	11.8	453.35	7890	391
77	1	36.4	95.4	603.7	1771.4	11.9	454.70	7277	405
78	1	36.0	92.5	603.7	1771.4	11.6	429.87	5727	258
79	1	35.6	92.9	603.7	1771.4	12.4	459.33	4336	264
80	1	35.5	92.9	603.7	1771.4	12.4	405.08	5038	285
81	1	36.1	93.3	603.7	1771.4	12.1	442.88	5685	290
82	1	36.6	95.5	603.7	1771.4	12.3	427.78	5649	338
83	1	36.2	94.7	603.7	1771.4	12.0	403.72	7105	346
84	1	36.0	95.9	603.7	1771.4	11.6	483.42	7560	395
85	1	36.5	93.7	603.7	1771.4	11.5	456.16	8454	381
86	1	35.8	93.0	603.7	1771.4	11.5	444.99	5116	304
87	1	36.4	93.4	603.7	1771.4	12.5	475.05	8736	373
88	1	36.6	92.6	603.7	1771.4	12.2	464.70	6028	348
89	1	35.9	93.8	603.7	1771.4	13.0	454.89	5272	345
90	2	44.9	142.5	931.3	2714.6	12.0	423.95	13087	373
91	2	44.8	143.0	931.3	2714.6	11.4	409.42	11593	372
92	2	44.4	142.0	931.3	2714.6	12.3	431.38	13153	355
93	2	45.6	140.7	931.3	2714.6	12.2	401.48	17101	419
94	2	44.7	140.2	931.3	2714.6	12.6	427.62	16422	394
95	2	44.4	141.7	931.3	2714.6	12.8	382.86	9219	327
96	2	45.4	140.5	931.3	2714.6	11.5	470.70	13174	370
97	2	44.8	143.1	931.3	2714.6	11.7	387.54	9483	383
98	2	45.1	142.3	931.3	2714.6	11.1	375.13	10374	300
99	2	44.7	139.9	931.3	2714.6	11.4	450.24	12955	363
100	2	44.3	143.5	931.3	2714.6	11.8	409.44	12596	388
101	2	45.1	143.1	931.3	2714.6	11.8	389.39	10717	362
102	2	44.8	142.8	931.3	2714.6	12.3	442.93	14715	403
103	2	43.8	140.7	931.3	2714.6	11.9	427.32	13334	351
104	2	45.0	142.0	931.3	2714.6	11.7	441.83	11647	339
105	2	45.5	141.9	931.3	2714.6	11.9	462.54	16660	487
106	2	45.1	142.6	931.3	2714.6	13.9	411.54	10880	379
107	2	44.7	141.9	931.3	2714.6	12.3	438.24	13448	415
108	2	44.8	142.4	931.3	2714.6	12.2	401.91	10399	382
109	2	44.8	139.7	931.3	2714.6	11.9	431.15	10206	346
110	2	44.4	142.6	931.3	2714.6	10.9	460.03	12784	392
111	2	45.5	141.2	931.3	2714.6	11.8	410.46	13898	410
112	2	44.1	143.0	931.3	2714.6	11.9	439.58	12573	398
113	2	44.6	141.8	931.3	2714.6	11.3	436.03	10775	356
114	2	45.4	139.7	931.3	2714.6	11.9	420.30	12649	372
115	2	45.2	140.6	931.3	2714.6	11.6	450.34	13316	435
116	2	45.6	140.3	931.3	2714.6	12.5	399.27	11885	332
117	2	45.3	141.8	931.3	2714.6	12.4	431.21	16017	432
118	2	44.8	142.5	931.3	2714.6	12.3	391.11	14128	369
119	2	45.0	142.1	931.3	2714.6	11.5	410.13	11407	373
120	2	44.9	140.9	931.3	2714.6	11.5	389.39	11399	350
121	2	44.9	141.9	931.3	2714.6	11.2	388.63	9334	318
122	2	44.6	143.7	931.3	2714.6	13.5	397.15	13050	395
123	2	44.4	142.2	931.3	2714.6	12.7	403.81	9119	338
124	2	44.3	142.7	931.3	2714.6	11.3	420.19	10417	349
125	2	45.5	142.2	931.3	2714.6	11.6	429.70	15835	404
126	2	44.7	140.6	931.3	2714.6	12.0	445.22	16558	458
127	2	45.6	142.7	931.3	2714.6	12.0	419.03	14666	347
128	2	44.6	140.0	931.3	2714.6	12.8	405.37	14374	398
129	2	44.6	141.7	931.3	2714.6	11.8	394.92	10830	326
130	2	44.4	144.5	931.3	2714.6	11.8	406.05	10759	372
131	2	45.7	140.6	931.3	2714.6	11.5	401.07	13745	369
132	2	44.9	143.1	931.3	2714.6	12.9	369.50	10218	397
133	2	44.8	143.0	931.3	2714.6	12.6	419.11	12705	395
134	2	45.0	141.0	931.3	2714.6	12.9	374.32	10452	310
135	2	44.4	140.8	931.3	2714.6	11.6	439.01	12088	430
136	2	45.2	142.1	931.3	2714.6	12.0	410.17	14319	420
137	2	44.2	142.9	931.3	2714.6	12.0	438.43	11847	387
138	2	44.9	141.3	931.3	2714.6	11.7	432.22	15985	450
139	2	44.3	143.6	931.3	2714.6	12.4	390.32	10447	348
140	2	44.8	142.7	931.3	2714.6	10.7	422.10	12859	420
141	2	45.5	143.0	931.3	2714.6	11.4	396.84	15547	391
142	2	45.2	141.1	931.3	2714.6	12.8	450.37	14430	362
143	2	45.2	145.2	931.3	2714.6	11.8	379.87	12518	394
144	2	46.1	142.7	931.3	2714.6	12.0	380.54	14965	389
145	2	44.8	142.1	931.3	2714.6	13.0	439.34	16841	433
146	2	45.0	141.0	931.3	2714.6	11.8	417.38	12208	382
147	2	45.2	143.9	931.3	2714.6	12.7	476.51	13244	410
148	2	44.8	141.2	931.3	2714.6	11.9	389.03	11965	341
149	2	44.5	142.3	931.3	2714.6	12.1	400.12	12137	384
150	2	44.9	143.5	931.3	2714.6	12.5	406.95	8710	303
151	2	45.7	144.0	931.3	2714.6	12.8	431.86	14162	408
152	2	45.1	141.2	931.3	2714.6	11.5	408.08	11553	330
153	2	44.9	141.4	931.3	2714.6	12.5	385.50	12350	351
154	2	44.5	144.1	931.3	2714.6	12.1	444.03	14056	398
155	2	45.0	142.5	931.3	2714.6	11.5	407.26	13954	428
156	2	44.4	140.9	931.3	2714.6	12.0	443.25	11435	406
157	2	44.9	144.9	931.3	2714.6	11.3	435.15	11113	403
158	2	44.9	142.6	931.3	2714.6	11.7	405.25	14976	380
159	2	44.7	142.8	931.3	2714.6	12.2	379.26	11587	365
160	2	45.0	144.9	931.3	2714.6	12.3	436.62	12138	412
161	2	45.1	140.2	931.3	2714.6	11.8	421.28	11629	350
162	2	45.1	143.0	931.3	2714.6	12.6	431.60	14758	435
163	2	43.6	143.5	931.3	2714.6	12.6	429.38	15653	446
164	2	44.9	142.2	931.3	2714.6	11.4	397.72	11721	338
165	2	44.7	142.3	931.3	2714.6	12.5	393.08	11341	357
166	2	45.6	142.0	931.3	2714.6	12.3	424.74	13161	415
167	2	45.3	142.0	931.3	2714.6	11.8	403.68	8777	332
168	2	44.9	140.9	931.3	2714.6	12.8	427.86	14003	473
169	2	45.2	142.6	931.3	2714.6	12.2	389.36	9737	355
170	2	45.7	140.9	931.3	2714.6	11.6	399.19	11486	343
171	2	44.5	141.2	931.3	2714.6	13.4	446.96	15978	416
172	2	44.9	140.8	931.3	2714.6	11.6	410.02	10665	360
173	2	46.1	140.7	931.3	2714.6	12.1	383.42	13092	367
174	2	45.3	141.5	931.3	2714.6	11.4	489.21	19673	491
175	2	44.9	143.5	931.3	2714.6	12.0	452.10	14096	412
176	2	46.0	142.2	931.3	2714.6	13.0	450.06	11780	400
177	2	44.1	144.9	931.3	2714.6	11.8	413.13	10809	397
178	2	45.0	140.8	931.3	2714.6	13.0	417.52	10263	284
179	2	44.5	142.0	931.3	2714.6	12.9	416.75	12701	333
180	3	57.0	190.9	1217.1	3574.1	11.4	435.64	16811	470
181	3	57.2	192.1	1217.1	3574.1	11.1	463.55	20562	473
182	3	57.0	191.5	1217.1	3574.1	11.9	444.44	18590	478
183	3	57.3	187.1	1217.1	3574.1	11.8	438.88	18685	488
184	3	57.3	187.5	1217.1	3574.1	11.5	427.07	19967	617
185	3	56.3	189.1	1217.1	3574.1	11.7	439.46	13974	431
186	3	56.5	191.7	1217.1	3574.1	12.1	452.87	24497	580
187	3	57.5	189.4	1217.1	3574.1	11.9	409.59	13644	434
188	3	58.0	190.4	1217.1	3574.1	11.6	449.55	27035	532
189	3	57.2	189.2	1217.1	3574.1	11.6	479.94	20841	578
190	3	57.0	191.5	1217.1	3574.1	12.0	453.85	30524	625
191	3	57.2	191.0	1217.1	3574.1	11.6	404.21	16528	511
192	3	57.6	189.0	1217.1	3574.1	10.5	418.69	23882	623
193	3	57.8	192.3	1217.1	3574.1	12.9	392.17	18244	455
194	3	56.5	190.7	1217.1	3574.1	11.4	448.64	20753	508
195	3	57.0	190.2	1217.1	3574.1	12.3	440.47	27405	692
196	3	56.7	190.4	1217.1	3574.1	11.3	440.96	22444	501
197	3	56.7	190.0	1217.1	3574.1	11.9	398.29	18480	448
198	3	57.3	189.5	1217.1	3574.1	12.5	422.37	14830	455
199	3	57.1	188.4	1217.1	3574.1	13.1	415.04	14905	377
200	3	56.2	187.5	1217.1	3574.1	11.4	473.59	23704	514
201	3	56.4	186.1	1217.1	3574.1	11.7	448.21	19767	551
202	3	57.7	188.5	1217.1	3574.1	11.6	496.21	32910	612
203	3	56.9	189.1	1217.1	3574.1	11.7	379.21	16752	463
204	3	56.6	188.1	1217.1	3574.1	12.0	477.49	46155	645
205	3	56.1	193.1	1217.1	3574.1	11.2	456.26	25136	558
206	3	56.6	186.4	1217.1	3574.1	11.5	438.08	19752	501
207	3	58.2	187.9	1217.1	3574.1	12.4	476.45	25940	587
208	3	56.5	192.1	1217.1	3574.1	12.7	426.99	20709	460
209	3	57.7	188.7	1217.1	3574.1	12.0	491.16	37327	638
210	3	57.7	190.6	1217.1	3574.1	11.3	465.20	27699	540
211	3	56.6	189.6	1217.1	3574.1	11.6	425.20	25999	500
212	3	57.7	191.8	1217.1	3574.1	12.0	491.26	22180	605
213	3	58.3	192.4	1217.1	3574.1	11.7	434.83	24611	535
214	3	55.9	187.8	1217.1	3574.1	12.6	441.89	22125	481
215	3	55.8	190.4	1217.1	3574.1	11.8	418.80	20939	524
216	3	56.9	189.2	1217.1	3574.1	11.9	466.21	25198	516
217	3	57.6	186.5	1217.1	3574.1	12.8	493.62	30768	699
218	3	56.1	190.9	1217.1	3574.1	11.9	431.14	23019	599
219	3	55.8	190.5	1217.1	3574.1	12.9	493.35	21140	501
220	3	57.3	190.7	1217.1	3574.1	11.3	464.42	28070	625
221	3	56.9	187.7	1217.1	3574.1	11.5	446.38	22605	445
222	3	57.2	191.8	1217.1	3574.1	12.4	523.43	35120	667
223	3	57.3	188.6	1217.1	3574.1	11.5	458.75	20459	577
224	3	56.5	190.3	1217.1	3574.1	11.8	437.36	15225	449
225	3	56.1	191.2	1217.1	3574.1	13.2	427.40	15861	539
226	3	56.2	187.1	1217.1	3574.1	13.4	435.32	14878	404
227	3	56.1	188.8	1217.1	3574.1	11.4	427.22	18202	439
228	3	57.8	188.0	1217.1	3574.1	13.2	444.96	20561	496
229	3	56.9	189.6	1217.1	3574.1	11.7	397.75	17465	474
230	3	56.7	189.9	1217.1	3574.1	11.7	394.76	16735	426
231	3	56.6	190.4	1217.1	3574.1	12.5	480.19	26773	608
232	3	57.1	190.5	1217.1	3574.1	11.3	428.85	20260	512
233	3	57.6	188.5	1217.1	3574.1	12.0	471.04	22637	584
234	3	57.3	188.0	1217.1	3574.1	9.8	463.54	21275	504
235	3	57.6	189.6	1217.1	3574.1	11.8	407.36	19468	510
236	3	58.0	189.3	1217.1	3574.1	12.1	448.80	21529	514
237	3	56.9	191.0	1217.1	3574.1	11.8	511.49	34013	659
238	3	57.1	192.0	1217.1	3574.1	10.8	426.09	21484	499
239	3	57.4	189.4	1217.1	3574.1	12.4	467.94	20710	526
240	3	56.5	191.1	1217.1	3574.1	11.8	463.30	26963	589
241	3	57.8	191.0	1217.1	3574.1	13.1	485.69	24823	587
242	3	57.2	190.5	1217.1	3574.1	12.0	436.20	26293	598
243	3	57.5	191.9	1217.1	3574.1	12.5	459.51	22213	549
244	3	56.4	191.3	1217.1	3574.1	12.4	385.47	17430	472
245	3	56.5	188.5	1217.1	3574.1	12.1	444.23	16704	360
246	3	57.3	187.6	1217.1	3574.1	13.5	463.08	25100	539
247	3	56.9	192.0	1217.1	3574.1	12.3	430.80	18496	416
248	3	56.7	193.1	1217.1	3574.1	12.6	466.65	19873	595
249	3	57.1	188.8	1217.1	3574.1	11.0	421.10	19126	392
250	3	56.4	189.6	1217.1	3574.1	11.0	442.33	20199	472
251	3	57.1	189.1	1217.1	3574.1	12.2	388.00	17173	412
252	3	57.7	191.4	1217.1	3574.1	13.3	465.67	20874	545
253	3	56.7	188.8	1217.1	3574.1	12.9	460.74	26151	498
254	3	56.9	187.1	1217.1	3574.1	11.7	426.05	12773	412
255	3	56.9	189.7	1217.1	3574.1	11.6	478.18	15850	492
256	3	57.2	190.8	1217.1	3574.1	12.5	469.56	26585	625
257	3	57.0	193.1	1217.1	3574.1	12.2	478.77	25270	605
258	3	56.9	190.0	1217.1	3574.1	11.9	501.32	34947	585
